1486406766010;DARWIN_STATUS;CONN_OK;Release  1.1.3 build 19/01/2017 11:00:26 more info at http://213.92.13.32/directaapi/rss.php
1486406766010;DARWIN_STATUS;CONN_OK;Release  1.1.3 build 19/01/2017 11:00:26 more info at http://213.92.13.32/directaapi/rss.php
1486406766010;ANAG;FDIV7L;19:46:06;IT0011070387;FTSE MIB DIV F DIC17;673.0;0.0;0
1486406766073;ANAG;LX.FSPX;19:46:06;GB00B3WZ1T96;US SPX 500;2296.8;2297.9;0
1486406766073;ANAG;LX.STOXX5;19:46:06;GB00B44SGZ45;Europe 50;3278.8;3279.2;0
1486406766073;ANAG;LX.FGDAXI;19:46:06;GB00B3YLLT53;Germany 30;11666.0;11662.4;0
1486406766073;ANAG;AMP;19:46:06;IT0004056880;AMPLIFON;9.78;9.845;226211802
1486406766073;ANAG;AMP;19:46:06;IT0004056880;AMPLIFON;9.78;9.845;226211802
1486406766073;PRICE_AUCT;AMP;19:46:06;9.58
1486406766073;BIDASK;AMP;01:00:00;854;1;0.0;225;1;0.0
1486406766073;BOOK_5;AMP;17:47:00;854;1;9.575;250;1;9.57;2610;3;9.56;4624;4;9.55;2924;1;9.54;225;1;9.6;2480;2;9.61;854;1;9.615;194;1;9.62;2045;1;9.635
1486406766073;BOOK_10;AMP;17:47:00;0;0;0.0;0;0;0.0;0;0;0.0;0;0;0.0;0;0;0.0;0;0;0.0;0;0;0.0;0;0;0.0;0;0;0.0;0;0;0.0
1486406766073;BOOK_15;AMP;17:47:00;0;0;0.0;0;0;0.0;0;0;0.0;0;0;0.0;0;0;0.0;0;0;0.0;0;0;0.0;0;0;0.0;0;0;0.0;0;0;0.0
1486406766073;BOOK_20;AMP;17:47:00;0;0;0.0;0;0;0.0;0;0;0.0;0;0;0.0;0;0;0.0;0;0;0.0;0;0;0.0;0;0;0.0;0;0;0.0;0;0;0.0
1486406766073;ANAG;AST;19:46:06;IT0003261069;ASTALDI S.P.A.;5.905;5.905;98424900
1486406766073;ANAG;AST;19:46:06;IT0003261069;ASTALDI S.P.A.;5.905;5.905;98424900
1486406766073;PRICE_AUCT;AST;19:46:06;5.65
1486406766073;BIDASK;AST;01:00:00;158;1;0.0;2767;1;0.0
1486406766073;BOOK_5;AST;17:47:00;158;1;5.645;300;1;5.64;266;1;5.635;2000;2;5.63;547;1;5.625;2767;1;5.66;1200;1;5.67;7644;4;5.7;2803;1;5.705;8818;2;5.71
1486406766073;BOOK_10;AST;17:47:00;0;0;0.0;0;0;0.0;0;0;0.0;0;0;0.0;0;0;0.0;0;0;0.0;0;0;0.0;0;0;0.0;0;0;0.0;0;0;0.0
1486406766073;BOOK_15;AST;17:47:00;0;0;0.0;0;0;0.0;0;0;0.0;0;0;0.0;0;0;0.0;0;0;0.0;0;0;0.0;0;0;0.0;0;0;0.0;0;0;0.0
1486406766073;BOOK_20;AST;17:47:00;0;0;0.0;0;0;0.0;0;0;0.0;0;0;0.0;0;0;0.0;0;0;0.0;0;0;0.0;0;0;0.0;0;0;0.0;0;0;0.0
1486406766073;ANAG;BGN;19:46:06;IT0001031084;BANCA GENERALI;23.95;24.22;116478323
1486406766073;ANAG;BGN;19:46:06;IT0001031084;BANCA GENERALI;23.95;24.22;116478323
1486406766073;PRICE_AUCT;BGN;19:46:06;23.09
1486406766073;BIDASK;BGN;01:00:00;962;2;0.0;857;1;0.0
1486406766073;BOOK_5;BGN;17:41:00;962;2;23.09;1034;3;23.06;200;1;23.02;470;3;23.01;2119;8;23.0;857;1;23.18;857;1;23.25;480;2;23.26;2755;1;23.33;220;2;23.35
1486406766073;BOOK_10;BGN;17:41:00;0;0;0.0;0;0;0.0;0;0;0.0;0;0;0.0;0;0;0.0;0;0;0.0;0;0;0.0;0;0;0.0;0;0;0.0;0;0;0.0
1486406766073;BOOK_15;BGN;17:41:00;0;0;0.0;0;0;0.0;0;0;0.0;0;0;0.0;0;0;0.0;0;0;0.0;0;0;0.0;0;0;0.0;0;0;0.0;0;0;0.0
1486406766073;BOOK_20;BGN;17:41:00;0;0;0.0;0;0;0.0;0;0;0.0;0;0;0.0;0;0;0.0;0;0;0.0;0;0;0.0;0;0;0.0;0;0;0.0;0;0;0.0
1486406766073;ANAG;BRE;19:46:06;IT0001050910;BREMBO;62.1;62.25;66784450
1486406766073;ANAG;BRE;19:46:06;IT0001050910;BREMBO;62.1;62.25;66784450
1486406766073;PRICE_AUCT;BRE;19:46:06;60.7
1486406766088;BIDASK;BRE;01:00:00;29;1;0.0;580;1;0.0
1486406766088;BOOK_5;BRE;17:44:19;29;1;60.7;814;1;60.65;350;4;60.6;1014;3;60.55;100;1;60.5;580;1;60.75;60;1;61.0;62;1;61.1;696;1;61.15;814;1;61.2
1486406766088;BOOK_10;BRE;17:44:19;0;0;0.0;0;0;0.0;0;0;0.0;0;0;0.0;0;0;0.0;0;0;0.0;0;0;0.0;0;0;0.0;0;0;0.0;0;0;0.0
1486406766088;BOOK_15;BRE;17:44:19;0;0;0.0;0;0;0.0;0;0;0.0;0;0;0.0;0;0;0.0;0;0;0.0;0;0;0.0;0;0;0.0;0;0;0.0;0;0;0.0
1486406766088;BOOK_20;BRE;17:44:19;0;0;0.0;0;0;0.0;0;0;0.0;0;0;0.0;0;0;0.0;0;0;0.0;0;0;0.0;0;0;0.0;0;0;0.0;0;0;0.0
1486406766088;ANAG;CASS;19:46:06;IT0000784154;CATTOLICA ASSICURAZI;5.94;5.94;174293926
1486406766088;ANAG;CASS;19:46:06;IT0000784154;CATTOLICA ASSICURAZI;5.94;5.94;174293926
1486406766088;PRICE_AUCT;CASS;19:46:06;5.85
1486406766088;BIDASK;CASS;01:00:00;470;1;0.0;234;1;0.0
1486406766088;BOOK_5;CASS;17:47:00;470;1;5.805;2871;5;5.8;500;1;5.795;430;3;5.79;2599;1;5.785;234;1;5.85;2000;1;5.855;2599;1;5.865;3096;3;5.87;2000;2;5.88
1486406766088;BOOK_10;CASS;17:47:00;0;0;0.0;0;0;0.0;0;0;0.0;0;0;0.0;0;0;0.0;0;0;0.0;0;0;0.0;0;0;0.0;0;0;0.0;0;0;0.0
1486406766088;BOOK_15;CASS;17:47:00;0;0;0.0;0;0;0.0;0;0;0.0;0;0;0.0;0;0;0.0;0;0;0.0;0;0;0.0;0;0;0.0;0;0;0.0;0;0;0.0
1486406766088;BOOK_20;CASS;17:47:00;0;0;0.0;0;0;0.0;0;0;0.0;0;0;0.0;0;0;0.0;0;0;0.0;0;0;0.0;0;0;0.0;0;0;0.0;0;0;0.0
1486406766088;ANAG;CRG;19:46:06;IT0005108763;BANCA CARIGE;0.3658;0.365;830155633
1486406766088;ANAG;CRG;19:46:06;IT0005108763;BANCA CARIGE;0.3658;0.365;830155633
1486406766088;PRICE_AUCT;CRG;19:46:06;0.3585
1486406766088;BIDASK;CRG;01:00:00;5768;1;0.0;11490;1;0.0
1486406766088;BOOK_5;CRG;17:42:21;5768;1;0.3585;3000;1;0.3581;7724;1;0.358;6000;2;0.357;27270;1;0.3559;11490;1;0.361;10000;1;0.3625;13218;1;0.3638;50000;1;0.364;7504;2;0.3643
1486406766088;BOOK_10;CRG;17:42:21;0;0;0.0;0;0;0.0;0;0;0.0;0;0;0.0;0;0;0.0;0;0;0.0;0;0;0.0;0;0;0.0;0;0;0.0;0;0;0.0
1486406766088;BOOK_15;CRG;17:42:21;0;0;0.0;0;0;0.0;0;0;0.0;0;0;0.0;0;0;0.0;0;0;0.0;0;0;0.0;0;0;0.0;0;0;0.0;0;0;0.0
1486406766088;BOOK_20;CRG;17:42:21;0;0;0.0;0;0;0.0;0;0;0.0;0;0;0.0;0;0;0.0;0;0;0.0;0;0;0.0;0;0;0.0;0;0;0.0;0;0;0.0
1486406766088;ANAG;CVAL;19:46:06;IT0000064516;CREDITO VALTELLINESE;0.4522;0.4549;1108872369
1486406766088;ANAG;CVAL;19:46:06;IT0000064516;CREDITO VALTELLINESE;0.4522;0.4549;1108872369
1486406766088;PRICE_AUCT;CVAL;19:46:06;0.42
1486406766088;BIDASK;CVAL;01:00:00;510839;26;0.0;10000;1;0.0
1486406766088;BOOK_5;CVAL;17:54:56;510839;26;0.42;1500;1;0.4194;67512;5;0.419;800;1;0.4186;5000;1;0.4185;10000;1;0.424;5000;1;0.426;20000;1;0.428;5681;1;0.4297;1971;1;0.4299
1486406766088;BOOK_10;CVAL;17:54:56;0;0;0.0;0;0;0.0;0;0;0.0;0;0;0.0;0;0;0.0;0;0;0.0;0;0;0.0;0;0;0.0;0;0;0.0;0;0;0.0
1486406766088;BOOK_15;CVAL;17:54:56;0;0;0.0;0;0;0.0;0;0;0.0;0;0;0.0;0;0;0.0;0;0;0.0;0;0;0.0;0;0;0.0;0;0;0.0;0;0;0.0
1486406766088;BOOK_20;CVAL;17:54:56;0;0;0.0;0;0;0.0;0;0;0.0;0;0;0.0;0;0;0.0;0;0;0.0;0;0;0.0;0;0;0.0;0;0;0.0;0;0;0.0
1486406766088;ANAG;FBK;19:46:06;IT0000072170;FINECOBANK;5.595;0.0;606805436
1486406766088;ANAG;FBK;19:46:06;IT0000072170;FINECOBANK;5.595;0.0;606805436
1486406766088;PRICE;FBK;19:44:43;5.38;36;4616;14;5.37;5.44
1486406766088;BIDASK;FBK;01:00:00;464;1;0.0;400;1;0.0
1486406766088;BOOK_5;FBK;19:44:43;464;1;5.38;2051;1;5.37;1100;2;5.35;705;3;5.345;300;1;5.3;400;1;5.39;300;1;5.395;700;1;5.43;1400;2;5.435;3000;2;5.44
1486406766088;BOOK_10;FBK;19:44:43;0;0;0.0;0;0;0.0;0;0;0.0;0;0;0.0;0;0;0.0;0;0;0.0;0;0;0.0;0;0;0.0;0;0;0.0;0;0;0.0
1486406766088;BOOK_15;FBK;19:44:43;0;0;0.0;0;0;0.0;0;0;0.0;0;0;0.0;0;0;0.0;0;0;0.0;0;0;0.0;0;0;0.0;0;0;0.0;0;0;0.0
1486406766088;BOOK_20;FBK;19:44:43;0;0;0.0;0;0;0.0;0;0;0.0;0;0;0.0;0;0;0.0;0;0;0.0;0;0;0.0;0;0;0.0;0;0;0.0;0;0;0.0
1486406766088;ANAG;HER;19:46:06;IT0001250932;HERA;2.18;2.18;1489538745
1486406766088;ANAG;HER;19:46:06;IT0001250932;HERA;2.18;2.18;1489538745
1486406766088;PRICE_AUCT;HER;19:46:06;2.142
1486406766088;BIDASK;HER;01:00:00;10018;2;0.0;6909;1;0.0
1486406766088;BOOK_5;HER;17:47:00;10018;2;2.142;20281;6;2.14;3850;4;2.138;10220;2;2.134;1300;1;2.13;6909;1;2.156;1475;1;2.158;21129;2;2.162;9393;1;2.164;19600;1;2.178
1486406766088;BOOK_10;HER;17:47:00;0;0;0.0;0;0;0.0;0;0;0.0;0;0;0.0;0;0;0.0;0;0;0.0;0;0;0.0;0;0;0.0;0;0;0.0;0;0;0.0
1486406766088;BOOK_15;HER;17:47:00;0;0;0.0;0;0;0.0;0;0;0.0;0;0;0.0;0;0;0.0;0;0;0.0;0;0;0.0;0;0;0.0;0;0;0.0;0;0;0.0
1486406766088;BOOK_20;HER;17:47:00;0;0;0.0;0;0;0.0;0;0;0.0;0;0;0.0;0;0;0.0;0;0;0.0;0;0;0.0;0;0;0.0;0;0;0.0;0;0;0.0
1486406766088;ANAG;MT;19:46:06;IT0004931058;MAIRE TECNIMONT;2.618;2.654;305527500
1486406766088;ANAG;MT;19:46:06;IT0004931058;MAIRE TECNIMONT;2.618;2.654;305527500
1486406766088;PRICE_AUCT;MT;19:46:06;2.6
1486406766088;BIDASK;MT;01:00:00;13768;2;0.0;269;1;0.0
1486406766088;BOOK_5;MT;17:44:19;13768;2;2.58;7268;2;2.578;300;1;2.57;1200;1;2.56;1950;2;2.558;269;1;2.6;127;1;2.602;132;1;2.604;116;1;2.606;2268;1;2.608
1486406766088;BOOK_10;MT;17:44:19;0;0;0.0;0;0;0.0;0;0;0.0;0;0;0.0;0;0;0.0;0;0;0.0;0;0;0.0;0;0;0.0;0;0;0.0;0;0;0.0
1486406766088;BOOK_15;MT;17:44:19;0;0;0.0;0;0;0.0;0;0;0.0;0;0;0.0;0;0;0.0;0;0;0.0;0;0;0.0;0;0;0.0;0;0;0.0;0;0;0.0
1486406766088;BOOK_20;MT;17:44:19;0;0;0.0;0;0;0.0;0;0;0.0;0;0;0.0;0;0;0.0;0;0;0.0;0;0;0.0;0;0;0.0;0;0;0.0;0;0;0.0
1486406766088;ANAG;REC;19:46:06;IT0003828271;RECORDATI;26.85;26.89;209125156
1486406766088;ANAG;REC;19:46:06;IT0003828271;RECORDATI;26.85;26.89;209125156
1486406766088;PRICE_AUCT;REC;19:46:06;26.39
1486406766088;BIDASK;REC;17:44:19;2125;1;26.37;130;1;26.54
1486406766088;BOOK_5;REC;17:47:00;2125;1;26.37;333;3;26.36;100;1;26.35;30;1;26.34;540;3;26.33;130;1;26.54;2125;1;26.67;2125;1;26.69;25;1;26.7;60;1;26.75
1486406766088;BOOK_10;REC;17:47:00;0;0;0.0;0;0;0.0;0;0;0.0;0;0;0.0;0;0;0.0;0;0;0.0;0;0;0.0;0;0;0.0;0;0;0.0;0;0;0.0
1486406766088;BOOK_15;REC;17:47:00;0;0;0.0;0;0;0.0;0;0;0.0;0;0;0.0;0;0;0.0;0;0;0.0;0;0;0.0;0;0;0.0;0;0;0.0;0;0;0.0
1486406766088;BOOK_20;REC;17:47:00;0;0;0.0;0;0;0.0;0;0;0.0;0;0;0.0;0;0;0.0;0;0;0.0;0;0;0.0;0;0;0.0;0;0;0.0;0;0;0.0
1486406766088;ANAG;SRS;19:46:06;IT0000433307;SARAS;1.44;1.454;951000000
1486406766088;ANAG;SRS;19:46:06;IT0000433307;SARAS;1.44;1.454;951000000
1486406766088;PRICE_AUCT;SRS;19:46:06;1.438
1486406766088;BIDASK;SRS;01:00:00;5139;1;0.0;1750;2;0.0
1486406766088;BOOK_5;SRS;17:48:22;5139;1;1.435;12510;3;1.433;19597;1;1.431;1500;2;1.43;6276;3;1.428;1750;2;1.438;150;1;1.44;1247;1;1.443;33198;5;1.445;28148;1;1.447
1486406766088;BOOK_10;SRS;17:48:22;0;0;0.0;0;0;0.0;0;0;0.0;0;0;0.0;0;0;0.0;0;0;0.0;0;0;0.0;0;0;0.0;0;0;0.0;0;0;0.0
1486406766088;BOOK_15;SRS;17:48:22;0;0;0.0;0;0;0.0;0;0;0.0;0;0;0.0;0;0;0.0;0;0;0.0;0;0;0.0;0;0;0.0;0;0;0.0;0;0;0.0
1486406766088;BOOK_20;SRS;17:48:22;0;0;0.0;0;0;0.0;0;0;0.0;0;0;0.0;0;0;0.0;0;0;0.0;0;0;0.0;0;0;0.0;0;0;0.0;0;0;0.0
1486406766088;ANAG;A2A;19:46:06;IT0001233417;A2A SpA;1.266;0.0;3132905277
1486406766088;ANAG;A2A;19:46:06;IT0001233417;A2A SpA;1.266;0.0;3132905277
1486406766088;PRICE;A2A;19:18:14;1.247;1899;14800;4;1.245;1.247
1486406766088;BIDASK;A2A;19:45:32;10000;1;1.243;4101;2;1.247
1486406766088;BOOK_5;A2A;19:45:32;10000;1;1.243;8000;1;1.242;500;1;1.241;35000;2;1.24;10000;1;1.237;4101;2;1.247;2000;1;1.248;17000;2;1.249;2000;1;1.256;10000;1;1.257
1486406766088;BOOK_10;A2A;19:45:32;0;0;0.0;0;0;0.0;0;0;0.0;0;0;0.0;0;0;0.0;0;0;0.0;0;0;0.0;0;0;0.0;0;0;0.0;0;0;0.0
1486406766088;BOOK_15;A2A;19:45:32;0;0;0.0;0;0;0.0;0;0;0.0;0;0;0.0;0;0;0.0;0;0;0.0;0;0;0.0;0;0;0.0;0;0;0.0;0;0;0.0
1486406766088;BOOK_20;A2A;19:45:32;0;0;0.0;0;0;0.0;0;0;0.0;0;0;0.0;0;0;0.0;0;0;0.0;0;0;0.0;0;0;0.0;0;0;0.0;0;0;0.0
1486406766088;ANAG;AGL;19:46:06;IT0001137345;AUTOGRILL SPA;8.225;0.0;254400000
1486406766088;ANAG;AGL;19:46:06;IT0001137345;AUTOGRILL SPA;8.225;0.0;254400000
1486406766088;PRICE;AGL;18:53:22;8.3;90;3250;8;8.27;8.34
1486406766088;BIDASK;AGL;19:26:45;170;2;8.185;100;1;8.27
1486406766088;BOOK_5;AGL;19:26:45;170;2;8.185;200;1;8.18;1000;1;8.15;1500;1;8.145;162;2;8.13;100;1;8.27;200;1;8.275;985;2;8.28;1010;2;8.3;1000;1;8.305
1486406766088;BOOK_10;AGL;19:26:45;0;0;0.0;0;0;0.0;0;0;0.0;0;0;0.0;0;0;0.0;0;0;0.0;0;0;0.0;0;0;0.0;0;0;0.0;0;0;0.0
1486406766088;BOOK_15;AGL;19:26:45;0;0;0.0;0;0;0.0;0;0;0.0;0;0;0.0;0;0;0.0;0;0;0.0;0;0;0.0;0;0;0.0;0;0;0.0;0;0;0.0
1486406766088;BOOK_20;AGL;19:26:45;0;0;0.0;0;0;0.0;0;0;0.0;0;0;0.0;0;0;0.0;0;0;0.0;0;0;0.0;0;0;0.0;0;0;0.0;0;0;0.0
1486406766088;ANAG;ANIM;19:46:06;IT0004998065;ANIMA HOLDING S.p.A.;5.62;5.62;299804076
1486406766088;ANAG;ANIM;19:46:06;IT0004998065;ANIMA HOLDING S.p.A.;5.62;5.62;299804076
1486406766088;PRICE_AUCT;ANIM;19:46:06;5.43
1486406766088;BIDASK;ANIM;17:42:21;100;1;5.42;3278;1;5.43
1486406766088;BOOK_5;ANIM;17:50:26;100;1;5.42;10000;1;5.415;200;1;5.41;10503;14;5.4;23079;3;5.395;3278;1;5.43;200;1;5.45;7139;1;5.46;7139;1;5.47;3026;1;5.475
1486406766088;BOOK_10;ANIM;17:50:26;0;0;0.0;0;0;0.0;0;0;0.0;0;0;0.0;0;0;0.0;0;0;0.0;0;0;0.0;0;0;0.0;0;0;0.0;0;0;0.0
1486406766088;BOOK_15;ANIM;17:50:26;0;0;0.0;0;0;0.0;0;0;0.0;0;0;0.0;0;0;0.0;0;0;0.0;0;0;0.0;0;0;0.0;0;0;0.0;0;0;0.0
1486406766088;BOOK_20;ANIM;17:50:26;0;0;0.0;0;0;0.0;0;0;0.0;0;0;0.0;0;0;0.0;0;0;0.0;0;0;0.0;0;0;0.0;0;0;0.0;0;0;0.0
1486406766088;ANAG;ATL;19:46:06;IT0003506190;ATLANTIA;21.8;0.0;825783990
1486406766088;ANAG;ATL;19:46:06;IT0003506190;ATLANTIA;21.8;0.0;825783990
1486406766088;PRICE;ATL;18:08:44;21.47;20;50;2;21.47;21.47
1486406766088;BIDASK;ATL;19:43:39;100;1;21.45;95;2;21.46
1486406766088;BOOK_5;ATL;19:43:39;100;1;21.45;300;1;21.4;30;1;21.32;80;1;21.31;500;1;21.28;95;2;21.46;2911;1;21.47;80;1;21.54;100;1;21.56;400;1;21.58
1486406766088;BOOK_10;ATL;19:43:39;0;0;0.0;0;0;0.0;0;0;0.0;0;0;0.0;0;0;0.0;0;0;0.0;0;0;0.0;0;0;0.0;0;0;0.0;0;0;0.0
1486406766088;BOOK_15;ATL;19:43:39;0;0;0.0;0;0;0.0;0;0;0.0;0;0;0.0;0;0;0.0;0;0;0.0;0;0;0.0;0;0;0.0;0;0;0.0;0;0;0.0
1486406766088;BOOK_20;ATL;19:43:39;0;0;0.0;0;0;0.0;0;0;0.0;0;0;0.0;0;0;0.0;0;0;0.0;0;0;0.0;0;0;0.0;0;0;0.0;0;0;0.0
1486406766088;ANAG;AZM;19:46:06;IT0003261697;AZIMUT;16.87;0.0;143254497
1486406766088;ANAG;AZM;19:46:06;IT0003261697;AZIMUT;16.87;0.0;143254497
1486406766088;PRICE;AZM;19:14:14;16.44;100;2964;12;16.33;16.44
1486406766088;BIDASK;AZM;19:43:33;100;2;16.37;515;2;16.44
1486406766088;BOOK_5;AZM;19:43:33;100;2;16.37;800;3;16.36;2000;1;16.35;392;1;16.31;572;2;16.3;515;2;16.44;1000;1;16.45;500;2;16.48;130;2;16.49;300;1;16.5
1486406766088;BOOK_10;AZM;19:43:33;0;0;0.0;0;0;0.0;0;0;0.0;0;0;0.0;0;0;0.0;0;0;0.0;0;0;0.0;0;0;0.0;0;0;0.0;0;0;0.0
1486406766088;BOOK_15;AZM;19:43:33;0;0;0.0;0;0;0.0;0;0;0.0;0;0;0.0;0;0;0.0;0;0;0.0;0;0;0.0;0;0;0.0;0;0;0.0;0;0;0.0
1486406766088;BOOK_20;AZM;19:43:33;0;0;0.0;0;0;0.0;0;0;0.0;0;0;0.0;0;0;0.0;0;0;0.0;0;0;0.0;0;0;0.0;0;0;0.0;0;0;0.0
1486406766088;ANAG;BAMI;19:46:06;IT0005218380;BANCO BPM;2.7;0.0;1515182126
1486406766088;ANAG;BAMI;19:46:06;IT0005218380;BANCO BPM;2.7;0.0;1515182126
1486406766088;PRICE;BAMI;19:43:59;2.542;1000;204170;118;2.54;2.55
1486406766088;BIDASK;BAMI;01:00:00;25486;2;0.0;12679;1;0.0
1486406766088;BOOK_5;BAMI;19:43:59;25486;2;2.542;19078;11;2.54;1500;2;2.538;1000;1;2.534;4400;2;2.532;12679;1;2.544;1220;2;2.546;39880;2;2.55;7500;2;2.552;5500;1;2.554
1486406766088;BOOK_10;BAMI;19:43:59;0;0;0.0;0;0;0.0;0;0;0.0;0;0;0.0;0;0;0.0;0;0;0.0;0;0;0.0;0;0;0.0;0;0;0.0;0;0;0.0
1486406766088;BOOK_15;BAMI;19:43:59;0;0;0.0;0;0;0.0;0;0;0.0;0;0;0.0;0;0;0.0;0;0;0.0;0;0;0.0;0;0;0.0;0;0;0.0;0;0;0.0
1486406766088;BOOK_20;BAMI;19:43:59;0;0;0.0;0;0;0.0;0;0;0.0;0;0;0.0;0;0;0.0;0;0;0.0;0;0;0.0;0;0;0.0;0;0;0.0;0;0;0.0
1486406766104;ANAG;BMED;19:46:06;IT0004776628;BANCA MEDIOLANUM;7.135;0.0;739253768
1486406766104;ANAG;BMED;19:46:06;IT0004776628;BANCA MEDIOLANUM;7.135;0.0;739253768
1486406766104;PRICE;BMED;19:39:34;6.97;315;1045;6;6.97;7.0
1486406766104;BIDASK;BMED;19:39:34;785;2;6.97;100;1;7.025
1486406766104;BOOK_5;BMED;19:41:50;785;2;6.97;1253;3;6.96;1600;1;6.93;1600;2;6.92;1000;1;6.885;100;1;7.025;1000;1;7.04;1000;1;7.06;1000;1;7.07;1500;1;7.08
1486406766104;BOOK_10;BMED;19:41:50;0;0;0.0;0;0;0.0;0;0;0.0;0;0;0.0;0;0;0.0;0;0;0.0;0;0;0.0;0;0;0.0;0;0;0.0;0;0;0.0
1486406766104;BOOK_15;BMED;19:41:50;0;0;0.0;0;0;0.0;0;0;0.0;0;0;0.0;0;0;0.0;0;0;0.0;0;0;0.0;0;0;0.0;0;0;0.0;0;0;0.0
1486406766104;BOOK_20;BMED;19:41:50;0;0;0.0;0;0;0.0;0;0;0.0;0;0;0.0;0;0;0.0;0;0;0.0;0;0;0.0;0;0;0.0;0;0;0.0;0;0;0.0
1486406766104;ANAG;BMPS;19:46:06;IT0005218752;B.MONTE PASCHI SI;15.08;0.0;29320798
1486406766104;ERR;BP;1007
1486406766104;ANAG;BPE;19:46:06;IT0000066123;BPER BANCA;5.515;0.0;481308435
1486406766104;ANAG;BPE;19:46:06;IT0000066123;BPER BANCA;5.515;0.0;481308435
1486406766104;PRICE;BPE;19:45:43;5.21;700;16750;27;5.18;5.22
1486406766104;BIDASK;BPE;19:45:43;191;3;5.2;739;1;5.21
1486406766104;BOOK_5;BPE;19:45:43;191;3;5.2;1250;1;5.19;3000;1;5.185;1200;2;5.18;1370;4;5.175;739;1;5.21;1200;1;5.22;2000;1;5.23;1500;2;5.24;683;2;5.25
1486406766104;BOOK_10;BPE;19:45:43;0;0;0.0;0;0;0.0;0;0;0.0;0;0;0.0;0;0;0.0;0;0;0.0;0;0;0.0;0;0;0.0;0;0;0.0;0;0;0.0
1486406766104;BOOK_15;BPE;19:45:43;0;0;0.0;0;0;0.0;0;0;0.0;0;0;0.0;0;0;0.0;0;0;0.0;0;0;0.0;0;0;0.0;0;0;0.0;0;0;0.0
1486406766104;BOOK_20;BPE;19:45:43;0;0;0.0;0;0;0.0;0;0;0.0;0;0;0.0;0;0;0.0;0;0;0.0;0;0;0.0;0;0;0.0;0;0;0.0;0;0;0.0
1486406766104;ANAG;BZU;19:46:06;IT0001347308;BUZZI UNICEM;23.23;0.0;165349149
1486406766104;ANAG;BZU;19:46:06;IT0001347308;BUZZI UNICEM;23.23;0.0;165349149
1486406766104;PRICE;BZU;17:40:50;22.9;25;0;0;0.0;0.0
1486406766104;BIDASK;BZU;18:45:49;100;1;22.9;630;2;23.07
1486406766104;BOOK_5;BZU;19:45:40;100;1;22.9;22;1;22.83;34;1;22.82;129;2;22.81;650;1;22.8;630;2;23.07;157;2;23.08;600;1;23.23;300;1;23.3;600;1;23.31
1486406766104;BOOK_10;BZU;19:45:40;0;0;0.0;0;0;0.0;0;0;0.0;0;0;0.0;0;0;0.0;0;0;0.0;0;0;0.0;0;0;0.0;0;0;0.0;0;0;0.0
1486406766104;BOOK_15;BZU;19:45:40;0;0;0.0;0;0;0.0;0;0;0.0;0;0;0.0;0;0;0.0;0;0;0.0;0;0;0.0;0;0;0.0;0;0;0.0;0;0;0.0
1486406766104;BOOK_20;BZU;19:45:40;0;0;0.0;0;0;0.0;0;0;0.0;0;0;0.0;0;0;0.0;0;0;0.0;0;0;0.0;0;0;0.0;0;0;0.0;0;0;0.0
1486406766104;ANAG;CNHI;19:46:06;NL0010545661;CNH INDUSTRIAL;8.63;0.0;1362909611
1486406766104;ANAG;CNHI;19:46:06;NL0010545661;CNH INDUSTRIAL;8.63;0.0;1362909611
1486406766104;PRICE;CNHI;19:42:59;8.845;490;10108;38;8.84;8.91
1486406766104;BIDASK;CNHI;19:45:35;1275;2;8.84;4175;2;8.86
1486406766104;BOOK_5;CNHI;19:45:59;1275;2;8.84;1000;1;8.835;1000;1;8.83;4025;3;8.825;3500;3;8.82;4175;2;8.86;2500;1;8.865;2500;1;8.87;2500;1;8.875;6500;2;8.88
1486406766104;BOOK_10;CNHI;19:45:59;0;0;0.0;0;0;0.0;0;0;0.0;0;0;0.0;0;0;0.0;0;0;0.0;0;0;0.0;0;0;0.0;0;0;0.0;0;0;0.0
1486406766104;BOOK_15;CNHI;19:45:59;0;0;0.0;0;0;0.0;0;0;0.0;0;0;0.0;0;0;0.0;0;0;0.0;0;0;0.0;0;0;0.0;0;0;0.0;0;0;0.0
1486406766104;BOOK_20;CNHI;19:45:59;0;0;0.0;0;0;0.0;0;0;0.0;0;0;0.0;0;0;0.0;0;0;0.0;0;0;0.0;0;0;0.0;0;0;0.0;0;0;0.0
1486406766104;ANAG;CPR;19:46:06;IT0003849244;DAVIDE CAMPARI;9.6;0.0;580800000
1486406766104;ANAG;CPR;19:46:06;IT0003849244;DAVIDE CAMPARI;9.6;0.0;580800000
1486406766104;PRICE;CPR;19:17:41;9.46;110;1310;11;9.345;9.52
1486406766104;BIDASK;CPR;19:34:47;100;1;9.435;114;1;9.49
1486406766104;BOOK_5;CPR;19:45:59;100;1;9.435;3000;1;9.41;110;1;9.38;100;1;9.37;500;1;9.36;114;1;9.49;570;2;9.515;200;1;9.52;1000;1;9.525;400;1;9.6
1486406766104;BOOK_10;CPR;19:45:59;0;0;0.0;0;0;0.0;0;0;0.0;0;0;0.0;0;0;0.0;0;0;0.0;0;0;0.0;0;0;0.0;0;0;0.0;0;0;0.0
1486406766104;BOOK_15;CPR;19:45:59;0;0;0.0;0;0;0.0;0;0;0.0;0;0;0.0;0;0;0.0;0;0;0.0;0;0;0.0;0;0;0.0;0;0;0.0;0;0;0.0
1486406766120;BOOK_20;CPR;19:45:59;0;0;0.0;0;0;0.0;0;0;0.0;0;0;0.0;0;0;0.0;0;0;0.0;0;0;0.0;0;0;0.0;0;0;0.0;0;0;0.0
1486406766120;ANAG;ENAV;19:46:06;IT0005176406;ENAV;3.24;3.258;541744385
1486406766120;ANAG;ENAV;19:46:06;IT0005176406;ENAV;3.24;3.258;541744385
1486406766120;PRICE_AUCT;ENAV;19:46:06;3.16
1486406766120;BIDASK;ENAV;01:00:00;30000;1;0.0;2479;1;0.0
1486406766120;BOOK_5;ENAV;17:47:00;30000;1;3.16;300;1;3.158;6305;2;3.152;7155;6;3.15;400;2;3.14;2479;1;3.172;190;1;3.174;390;1;3.178;360;1;3.182;365;1;3.186
1486406766120;BOOK_10;ENAV;17:47:00;0;0;0.0;0;0;0.0;0;0;0.0;0;0;0.0;0;0;0.0;0;0;0.0;0;0;0.0;0;0;0.0;0;0;0.0;0;0;0.0
1486406766120;BOOK_15;ENAV;17:47:00;0;0;0.0;0;0;0.0;0;0;0.0;0;0;0.0;0;0;0.0;0;0;0.0;0;0;0.0;0;0;0.0;0;0;0.0;0;0;0.0
1486406766120;BOOK_20;ENAV;17:47:00;0;0;0.0;0;0;0.0;0;0;0.0;0;0;0.0;0;0;0.0;0;0;0.0;0;0;0.0;0;0;0.0;0;0;0.0;0;0;0.0
1486406766120;ANAG;ENEL;19:46:06;IT0003128367;ENEL;3.916;0.0;1016667994
1486406766120;ANAG;ENEL;19:46:06;IT0003128367;ENEL;3.916;0.0;1016667994
1486406766120;PRICE;ENEL;19:41:50;3.848;600;107055;41;3.84;3.86
1486406766120;BIDASK;ENEL;19:44:11;670;2;3.844;17890;4;3.848
1486406766120;BOOK_5;ENEL;19:44:11;670;2;3.844;26238;6;3.842;21633;12;3.84;10355;5;3.838;1000;1;3.836;17890;4;3.848;22400;2;3.85;3000;1;3.856;35000;2;3.858;18400;3;3.86
1486406766120;BOOK_10;ENEL;19:44:11;0;0;0.0;0;0;0.0;0;0;0.0;0;0;0.0;0;0;0.0;0;0;0.0;0;0;0.0;0;0;0.0;0;0;0.0;0;0;0.0
1486406766120;BOOK_15;ENEL;19:44:11;0;0;0.0;0;0;0.0;0;0;0.0;0;0;0.0;0;0;0.0;0;0;0.0;0;0;0.0;0;0;0.0;0;0;0.0;0;0;0.0
1486406766120;BOOK_20;ENEL;19:44:11;0;0;0.0;0;0;0.0;0;0;0.0;0;0;0.0;0;0;0.0;0;0;0.0;0;0;0.0;0;0;0.0;0;0;0.0;0;0;0.0
1486406766120;ANAG;ENI;19:46:06;IT0003132476;ENI;14.53;0.0;3634185330
1486406766120;ANAG;ENI;19:46:06;IT0003132476;ENI;14.53;0.0;3634185330
1486406766120;PRICE;ENI;19:42:16;14.18;100;61495;104;14.18;14.24
1486406766120;BIDASK;ENI;19:45:54;8018;6;14.18;2000;2;14.2
1486406766120;BOOK_5;ENI;19:45:59;8018;6;14.18;1130;2;14.17;7000;4;14.16;11260;8;14.15;2570;2;14.14;2000;2;14.2;2500;1;14.21;5622;4;14.22;39500;8;14.23;6184;3;14.24
1486406766120;BOOK_10;ENI;19:45:59;0;0;0.0;0;0;0.0;0;0;0.0;0;0;0.0;0;0;0.0;0;0;0.0;0;0;0.0;0;0;0.0;0;0;0.0;0;0;0.0
1486406766120;BOOK_15;ENI;19:45:59;0;0;0.0;0;0;0.0;0;0;0.0;0;0;0.0;0;0;0.0;0;0;0.0;0;0;0.0;0;0;0.0;0;0;0.0;0;0;0.0
1486406766120;BOOK_20;ENI;19:45:59;0;0;0.0;0;0;0.0;0;0;0.0;0;0;0.0;0;0;0.0;0;0;0.0;0;0;0.0;0;0;0.0;0;0;0.0;0;0;0.0
1486406766120;ANAG;EXO;19:46:06;NL0012059018;EXOR;43.27;0.0;241000000
1486406766120;ANAG;EXO;19:46:06;NL0012059018;EXOR;43.27;0.0;241000000
1486406766120;PRICE;EXO;19:12:04;42.53;15;70;3;42.53;42.6
1486406766120;BIDASK;EXO;19:21:21;85;1;42.53;236;2;42.89
1486406766120;BOOK_5;EXO;19:44:02;85;1;42.53;250;1;42.52;400;1;42.5;13;1;42.34;15;1;42.32;236;2;42.89;100;1;42.9;200;1;42.96;100;1;42.97;500;1;43.06
1486406766120;BOOK_10;EXO;19:44:02;0;0;0.0;0;0;0.0;0;0;0.0;0;0;0.0;0;0;0.0;0;0;0.0;0;0;0.0;0;0;0.0;0;0;0.0;0;0;0.0
1486406766120;BOOK_15;EXO;19:44:02;0;0;0.0;0;0;0.0;0;0;0.0;0;0;0.0;0;0;0.0;0;0;0.0;0;0;0.0;0;0;0.0;0;0;0.0;0;0;0.0
1486406766120;BOOK_20;EXO;19:44:02;0;0;0.0;0;0;0.0;0;0;0.0;0;0;0.0;0;0;0.0;0;0;0.0;0;0;0.0;0;0;0.0;0;0;0.0;0;0;0.0
1486406766120;ANAG;FCA;19:46:06;NL0010877643;FIAT CHRYSLER AUTO;10.22;0.0;1284919505
1486406766120;ANAG;FCA;19:46:06;NL0010877643;FIAT CHRYSLER AUTO;10.22;0.0;1284919505
1486406766120;PRICE;FCA;19:46:06;9.89;50;361033;398;9.88;10.01
1486406766120;BIDASK;FCA;19:46:06;7000;2;9.88;3950;1;9.89
1486406766120;BOOK_5;FCA;19:46:06;7000;2;9.88;6000;2;9.875;6250;4;9.87;8300;3;9.865;7050;4;9.86;3950;1;9.89;4000;1;9.895;8266;4;9.9;6300;2;9.905;7500;5;9.91
1486406766120;BOOK_10;FCA;19:46:06;0;0;0.0;0;0;0.0;0;0;0.0;0;0;0.0;0;0;0.0;0;0;0.0;0;0;0.0;0;0;0.0;0;0;0.0;0;0;0.0
1486406766120;BOOK_15;FCA;19:46:06;0;0;0.0;0;0;0.0;0;0;0.0;0;0;0.0;0;0;0.0;0;0;0.0;0;0;0.0;0;0;0.0;0;0;0.0;0;0;0.0
1486406766120;BOOK_20;FCA;19:46:06;0;0;0.0;0;0;0.0;0;0;0.0;0;0;0.0;0;0;0.0;0;0;0.0;0;0;0.0;0;0;0.0;0;0;0.0;0;0;0.0
1486406766120;ANAG;LDO;19:46:06;IT0003856405;LEONARDO;12.46;0.0;578150395
1486406766120;ANAG;LDO;19:46:06;IT0003856405;LEONARDO;12.46;0.0;578150395
1486406766120;PRICE;LDO;19:14:04;12.08;250;1210;8;11.98;12.09
1486406766120;BIDASK;LDO;19:38:31;617;2;11.96;120;1;12.08
1486406766120;BOOK_5;LDO;19:42:06;617;2;11.96;600;1;11.94;1360;2;11.93;1500;1;11.92;600;1;11.91;120;1;12.08;950;1;12.09;600;1;12.15;920;3;12.17;1500;1;12.18
1486406766120;BOOK_10;LDO;19:42:06;0;0;0.0;0;0;0.0;0;0;0.0;0;0;0.0;0;0;0.0;0;0;0.0;0;0;0.0;0;0;0.0;0;0;0.0;0;0;0.0
1486406766120;BOOK_15;LDO;19:42:06;0;0;0.0;0;0;0.0;0;0;0.0;0;0;0.0;0;0;0.0;0;0;0.0;0;0;0.0;0;0;0.0;0;0;0.0;0;0;0.0
1486406766120;BOOK_20;LDO;19:42:06;0;0;0.0;0;0;0.0;0;0;0.0;0;0;0.0;0;0;0.0;0;0;0.0;0;0;0.0;0;0;0.0;0;0;0.0;0;0;0.0
1486406766120;ANAG;G;19:46:06;IT0000062072;GENERALI;14.98;0.0;1559883538
1486406766120;ANAG;G;19:46:06;IT0000062072;GENERALI;14.98;0.0;1559883538
1486406766120;PRICE;G;19:45:18;14.58;100;24268;57;14.57;14.67
1486406766120;BIDASK;G;19:45:18;1000;1;14.57;100;1;14.58
1486406766120;BOOK_5;G;19:45:18;1000;1;14.57;1130;2;14.56;2950;2;14.55;1500;1;14.54;3000;1;14.53;100;1;14.58;756;2;14.6;1340;3;14.62;2500;1;14.63;861;1;14.64
1486406766120;BOOK_10;G;19:45:18;0;0;0.0;0;0;0.0;0;0;0.0;0;0;0.0;0;0;0.0;0;0;0.0;0;0;0.0;0;0;0.0;0;0;0.0;0;0;0.0
1486406766120;BOOK_15;G;19:45:18;0;0;0.0;0;0;0.0;0;0;0.0;0;0;0.0;0;0;0.0;0;0;0.0;0;0;0.0;0;0;0.0;0;0;0.0;0;0;0.0
1486406766120;BOOK_20;G;19:45:18;0;0;0.0;0;0;0.0;0;0;0.0;0;0;0.0;0;0;0.0;0;0;0.0;0;0;0.0;0;0;0.0;0;0;0.0;0;0;0.0
1486406766120;ANAG;ISP;19:46:06;IT0000072618;INTESA SANPAOLO;2.238;0.0;1585978658
1486406766120;ANAG;ISP;19:46:06;IT0000072618;INTESA SANPAOLO;2.238;0.0;1585978658
1486406766135;PRICE;ISP;19:45:33;2.182;2264;585231;186;2.18;2.212
1486406766135;BIDASK;ISP;19:45:33;2324;1;2.182;64000;4;2.184
1486406766135;BOOK_5;ISP;19:45:33;2324;1;2.182;109928;14;2.18;55000;5;2.178;40000;4;2.176;39632;6;2.174;64000;4;2.184;79507;3;2.186;86216;8;2.188;43632;5;2.19;19000;4;2.192
1486406766135;BOOK_10;ISP;19:45:33;267467;80;2.17;477660;46;2.168;172215;38;2.166;117127;24;2.164;155630;34;2.162;143332;16;2.192;78843;11;2.194;49219;12;2.196;246750;15;2.198;173692;13;2.2
1486406766135;BOOK_15;ISP;19:45:33;0;0;0.0;0;0;0.0;0;0;0.0;0;0;0.0;0;0;0.0;0;0;0.0;0;0;0.0;0;0;0.0;0;0;0.0;0;0;0.0
1486406766135;BOOK_20;ISP;19:45:33;0;0;0.0;0;0;0.0;0;0;0.0;0;0;0.0;0;0;0.0;0;0;0.0;0;0;0.0;0;0;0.0;0;0;0.0;0;0;0.0
1486406766135;ANAG;IT;19:46:06;IT0001465159;ITALCEMENTI;10.58;0.0;0
1486406766135;ANAG;LUX;19:46:06;IT0001479374;LUXOTTICA GROUP;49.97;0.0;484176083
1486406766135;ANAG;LUX;19:46:06;IT0001479374;LUXOTTICA GROUP;49.97;0.0;484176083
1486406766135;PRICE;LUX;19:26:43;49.09;46;1395;16;48.93;49.09
1486406766135;BIDASK;LUX;19:42:45;1118;2;48.9;400;2;49.09
1486406766135;BOOK_5;LUX;19:43:27;1118;2;48.9;2200;2;48.89;15;1;48.83;1150;3;48.8;30;1;48.65;400;2;49.09;554;2;49.1;500;1;49.14;200;1;49.18;2000;1;49.21
1486406766135;BOOK_10;LUX;19:43:27;0;0;0.0;0;0;0.0;0;0;0.0;0;0;0.0;0;0;0.0;0;0;0.0;0;0;0.0;0;0;0.0;0;0;0.0;0;0;0.0
1486406766135;BOOK_15;LUX;19:43:27;0;0;0.0;0;0;0.0;0;0;0.0;0;0;0.0;0;0;0.0;0;0;0.0;0;0;0.0;0;0;0.0;0;0;0.0;0;0;0.0
1486406766135;BOOK_20;LUX;19:43:27;0;0;0.0;0;0;0.0;0;0;0.0;0;0;0.0;0;0;0.0;0;0;0.0;0;0;0.0;0;0;0.0;0;0;0.0;0;0;0.0
1486406766135;ANAG;MB;19:46:06;IT0000062957;MEDIOBANCA;8.145;0.0;873033342
1486406766135;ANAG;MB;19:46:06;IT0000062957;MEDIOBANCA;8.145;0.0;873033342
1486406766135;PRICE;MB;19:40:50;7.75;615;7566;21;7.745;7.85
1486406766135;BIDASK;MB;19:45:02;105;1;7.76;500;1;7.78
1486406766135;BOOK_5;MB;19:45:02;105;1;7.76;200;1;7.755;385;1;7.75;800;2;7.745;1251;2;7.74;500;1;7.78;770;1;7.79;1500;1;7.795;1600;2;7.8;750;1;7.805
1486406766135;BOOK_10;MB;19:45:02;0;0;0.0;0;0;0.0;0;0;0.0;0;0;0.0;0;0;0.0;0;0;0.0;0;0;0.0;0;0;0.0;0;0;0.0;0;0;0.0
1486406766135;BOOK_15;MB;19:45:02;0;0;0.0;0;0;0.0;0;0;0.0;0;0;0.0;0;0;0.0;0;0;0.0;0;0;0.0;0;0;0.0;0;0;0.0;0;0;0.0
1486406766135;BOOK_20;MB;19:45:02;0;0;0.0;0;0;0.0;0;0;0.0;0;0;0.0;0;0;0.0;0;0;0.0;0;0;0.0;0;0;0.0;0;0;0.0;0;0;0.0
1486406766135;ANAG;MONC;19:46:06;IT0004965148;MONCLER;17.72;17.62;250226476
1486406766135;ANAG;MONC;19:46:06;IT0004965148;MONCLER;17.72;17.62;250226476
1486406766135;PRICE_AUCT;MONC;19:46:06;17.41
1486406766135;BIDASK;MONC;17:42:32;25;1;17.41;7359;1;17.52
1486406766135;BOOK_5;MONC;17:47:00;25;1;17.41;2753;9;17.4;7359;1;17.38;227;1;17.37;300;1;17.36;7359;1;17.52;274;1;17.53;7080;3;17.54;6080;1;17.55;1000;1;17.59
1486406766135;BOOK_10;MONC;17:47:00;0;0;0.0;0;0;0.0;0;0;0.0;0;0;0.0;0;0;0.0;0;0;0.0;0;0;0.0;0;0;0.0;0;0;0.0;0;0;0.0
1486406766135;BOOK_15;MONC;17:47:00;0;0;0.0;0;0;0.0;0;0;0.0;0;0;0.0;0;0;0.0;0;0;0.0;0;0;0.0;0;0;0.0;0;0;0.0;0;0;0.0
1486406766135;BOOK_20;MONC;17:47:00;0;0;0.0;0;0;0.0;0;0;0.0;0;0;0.0;0;0;0.0;0;0;0.0;0;0;0.0;0;0;0.0;0;0;0.0;0;0;0.0
1486406766135;ANAG;MS;19:46:06;IT0001063210;MEDIASET;3.946;0.0;1181227564
1486406766135;ANAG;MS;19:46:06;IT0001063210;MEDIASET;3.946;0.0;1181227564
1486406766135;PRICE;MS;19:42:11;3.85;200;750;5;3.85;3.888
1486406766135;BIDASK;MS;19:45:53;300;1;3.85;200;1;3.882
1486406766135;BOOK_5;MS;19:45:53;300;1;3.85;2000;1;3.848;405;1;3.842;432;2;3.84;200;1;3.834;200;1;3.882;1500;1;3.884;1200;1;3.886;2100;2;3.888;500;1;3.89
1486406766135;BOOK_10;MS;19:45:53;0;0;0.0;0;0;0.0;0;0;0.0;0;0;0.0;0;0;0.0;0;0;0.0;0;0;0.0;0;0;0.0;0;0;0.0;0;0;0.0
1486406766135;BOOK_15;MS;19:45:53;0;0;0.0;0;0;0.0;0;0;0.0;0;0;0.0;0;0;0.0;0;0;0.0;0;0;0.0;0;0;0.0;0;0;0.0;0;0;0.0
1486406766135;BOOK_20;MS;19:45:53;0;0;0.0;0;0;0.0;0;0;0.0;0;0;0.0;0;0;0.0;0;0;0.0;0;0;0.0;0;0;0.0;0;0;0.0;0;0;0.0
